Lxtot Lxtoterr1 Lxtoterr2 r1 r1ue r1le match_star var.name var.gl_mod
6.78          6.00          7.68          2.35          3.02          1.69        24_UMa        24_UMa          0.00
        6.78          6.00          7.68          2.35          3.02          1.69        24_UMa        24_UMa          0.00
        3.89          3.63          4.17          2.43          2.82          2.04  44_Boo__i_Boo_  44_Boo__i_Boo_          0.46
        6.32          5.93          6.73          2.87          3.34          2.41        AB_Dor        AB_Dor          0.24
        0.64          0.59          0.71          1.52          1.78          1.26        AD_Leo        AD_Leo          0.20
       30.49         28.52         32.63          4.05          4.92          3.18        AR_Lac        AR_Lac          0.00
       30.49         28.52         32.63          4.05          4.92          3.18        AR_Lac        AR_Lac          0.00
       30.49         28.52         32.63          4.05          4.92          3.18        AR_Lac        AR_Lac          0.00
       30.49         28.52         32.63          4.05          4.92          3.18        AR_Lac        AR_Lac          0.07
       30.49         28.52         32.63          4.05          4.92          3.18        AR_Lac        AR_Lac          0.10
       30.49         28.52         32.63          4.05          4.92          3.18        AR_Lac        AR_Lac          0.53
        1.76          1.62          1.92          2.01          2.37          1.66        AU_Mic        AU_Mic          0.52
       16.22         14.90         17.65          3.14          3.90          2.39         Algol         Algol          0.53
        4.33          4.10          4.57          2.08          2.32          1.84        CC_Eri        CC_Eri          0.40
        4.33          4.10          4.57          2.08          2.32          1.84        CC_Eri        CC_Eri          0.94
       11.15         10.97         11.33          1.86          1.92          1.80       Capella       Capella          0.00
       11.15         10.97         11.33          1.86          1.92          1.80       Capella       Capella          0.00
       11.15         10.97         11.33          1.86          1.92          1.80       Capella       Capella          0.00
       11.15         10.97         11.33          1.86          1.92          1.80       Capella       Capella          0.00
       11.15         10.97         11.33          1.86          1.92          1.80       Capella       Capella          0.00
       11.15         10.97         11.33          1.86          1.92          1.80       Capella       Capella          0.00
       11.15         10.97         11.33          1.86          1.92          1.80       Capella       Capella          0.00
       11.15         10.97         11.33          1.86          1.92          1.80       Capella       Capella          0.00
       11.15         10.97         11.33          1.86          1.92          1.80       Capella       Capella          0.00
       11.15         10.97         11.33          1.86          1.92          1.80       Capella       Capella          0.00
       11.15         10.97         11.33          1.86          1.92          1.80       Capella       Capella          0.00
       11.15         10.97         11.33          1.86          1.92          1.80       Capella       Capella          0.00
       11.15         10.97         11.33          1.86          1.92          1.80       Capella       Capella          0.00
       11.15         10.97         11.33          1.86          1.92          1.80       Capella       Capella          0.00
       11.15         10.97         11.33          1.86          1.92          1.80       Capella       Capella          0.00
       11.15         10.97         11.33          1.86          1.92          1.80       Capella       Capella          0.00
       11.15         10.97         11.33          1.86          1.92          1.80       Capella       Capella          0.00
       11.15         10.97         11.33          1.86          1.92          1.80       Capella       Capella          0.00
       11.15         10.97         11.33          1.86          1.92          1.80       Capella       Capella          0.00
       11.15         10.97         11.33          1.86          1.92          1.80       Capella       Capella          0.00
       11.15         10.97         11.33          1.86          1.92          1.80       Capella       Capella          0.00
       11.15         10.97         11.33          1.86          1.92          1.80       Capella       Capella          0.00
       11.15         10.97         11.33          1.86          1.92          1.80       Capella       Capella          0.00
       11.15         10.97         11.33          1.86          1.92          1.80       Capella       Capella          0.00
       11.15         10.97         11.33          1.86          1.92          1.80       Capella       Capella          0.02
       11.15         10.97         11.33          1.86          1.92          1.80       Capella       Capella          0.02
       11.15         10.97         11.33          1.86          1.92          1.80       Capella       Capella          0.15
0.66          0.61          0.72          1.64          1.92          1.36        EQ_Peg        EQ_Peg          0.19
        0.66          0.61          0.72          1.64          1.92          1.36        EQ_Peg        EQ_Peg          0.49
        0.66          0.61          0.72          1.64          1.92          1.36        EQ_Peg        EQ_Peg          0.81
        0.66          0.61          0.72          1.64          1.92          1.36        EQ_Peg        EQ_Peg          0.83
        0.50          0.48          0.53          1.51          1.66          1.36        EV_Lac        EV_Lac          0.88
        0.50          0.48          0.53          1.51          1.66          1.36        EV_Lac        EV_Lac          0.91
       44.11         34.89         54.97          1.59          2.32          0.87  FK_Com__HD_117555_  FK_Com__HD_117555_          0.00
       44.11         34.89         54.97          1.59          2.32          0.87  FK_Com__HD_117555_  FK_Com__HD_117555_          0.00
       44.11         34.89         54.97          1.59          2.32          0.87  FK_Com__HD_117555_  FK_Com__HD_117555_          0.02
       44.11         34.89         54.97          1.59          2.32          0.87  FK_Com__HD_117555_  FK_Com__HD_117555_          0.08
       44.11         34.89         54.97          1.59          2.32          0.87  FK_Com__HD_117555_  FK_Com__HD_117555_          0.12
       44.11         34.89         54.97          1.59          2.32          0.87  FK_Com__HD_117555_  FK_Com__HD_117555_          0.38
       44.11         34.89         54.97          1.59          2.32          0.87  FK_Com__HD_117555_  FK_Com__HD_117555_          0.54
       44.11         34.89         54.97          1.59          2.32          0.87  FK_Com__HD_117555_  FK_Com__HD_117555_          0.69
51.80         48.64         55.34          4.00          4.85          3.15        II_Peg        II_Peg          0.44
       73.86         67.98         80.34          6.01          8.22          3.79        IM_Peg        IM_Peg          0.00
       73.86         67.98         80.34          6.01          8.22          3.79        IM_Peg        IM_Peg          0.00
       73.86         67.98         80.34          6.01          8.22          3.79        IM_Peg        IM_Peg          0.00
       73.86         67.98         80.34          6.01          8.22          3.79        IM_Peg        IM_Peg          0.00
       73.86         67.98         80.34          6.01          8.22          3.79        IM_Peg        IM_Peg          0.00
       73.86         67.98         80.34          6.01          8.22          3.79        IM_Peg        IM_Peg          0.00
       73.86         67.98         80.34          6.01          8.22          3.79        IM_Peg        IM_Peg          0.00
       73.86         67.98         80.34          6.01          8.22          3.79        IM_Peg        IM_Peg          0.03
       68.66         56.40         82.56          3.23          5.03          1.44  OU_And__HD_223460_  OU_And__HD_223460_          0.57
   0.01          0.01          0.01          1.14          1.38          0.90   Proxima_Cen   Proxima_Cen          0.71
        0.01          0.01          0.01          1.14          1.38          0.90   Proxima_Cen   Proxima_Cen          0.80
        0.01          0.01          0.01          1.14          1.38          0.90   Proxima_Cen   Proxima_Cen          0.96
        0.01          0.01          0.01          1.14          1.38          0.90   Proxima_Cen   Proxima_Cen          0.98
       17.14         13.87         21.02          1.38          1.91          0.86    Speedy_Mic    Speedy_Mic          0.00
       17.14         13.87         21.02          1.38          1.91          0.86    Speedy_Mic    Speedy_Mic          0.00
        6.45          5.31          7.80          1.42          1.91          0.93        TV_Crt        TV_Crt          0.40
       22.03         20.65         23.51          1.07          1.18          0.95     TW_Hydrae     TW_Hydrae          0.00
       22.03         20.65         23.51          1.07          1.18          0.95     TW_Hydrae     TW_Hydrae          0.15
       22.03         20.65         23.51          1.07          1.18          0.95     TW_Hydrae     TW_Hydrae          0.27
       22.03         20.65         23.51          1.07          1.18          0.95     TW_Hydrae     TW_Hydrae          0.47
       22.03         20.65         23.51          1.07          1.18          0.95     TW_Hydrae     TW_Hydrae          0.56
       26.59         23.36         30.28          2.45          3.17          1.72        TY_Pyx        TY_Pyx          0.35
       16.17         15.41         16.96          3.22          3.64          2.80        TZ_CrB        TZ_CrB          0.65
       51.85         48.17         55.86          3.83          4.68          2.99        UX_Ari        UX_Ari          0.02
        5.80          5.20          6.47          2.04          2.51          1.56        VW_Cep        VW_Cep          0.45
        3.96          3.67          4.28          2.00          2.33          1.67        YY_Gem        YY_Gem          0.60
        3.96          3.67          4.28          2.00          2.33          1.67        YY_Gem        YY_Gem          0.82
       14.42         13.62         15.27          2.97          3.40          2.53    lambda_And    lambda_And          0.03
        0.15          0.12          0.19          0.34          0.43          0.24       procyon       procyon          0.00
       46.03         43.51         48.69          4.73          5.70          3.75     sigma_Gem     sigma_Gem          0.02
       46.03         43.51         48.69          4.73          5.70          3.75     sigma_Gem     sigma_Gem          0.04
